examples/topo.asc
ncols         282
nrows         286
xllcorner     318017.9701
yllcorner     3849563.6891
cellsize      4
NODATA_value  -9999
[rows 210 to 239 of 286, columns 134 to 200 of 282]
1524.57 1524.549 1524.562 1524.611 1524.675 1524.675 1524.599 1524.706 1524.755 1524.756 1524.729 1524.781 1524.753 1524.684 1524.825 1524.807 1524.774 1524.782 1524.803 1524.855 1524.836 1524.815 1524.794 1524.806 1524.859 1524.838 1524.859 1524.789 1524.848 1524.908 1524.907 1524.941 1524.955 1525.035 1525.02 1525.047 1525.128 1525.179 1525.265 1525.275 1525.312 1525.358 1525.365 1525.406 1525.374 1525.269 1525.079 1524.948 1524.884 1524.919 1525.004 1524.902 1524.929 1525.188 1525.655 1526.541 1532.263 1532.788 1532.916 1532.939 1532.941 1532.918 1532.927 1532.92 1532.918 1532.898 1532.88
1524.542 1524.552 1524.552 1524.513 1524.625 1524.705 1524.719 1524.761 1524.78 1524.708 1524.706 1524.738 1524.687 1524.768 1524.805 1524.794 1524.769 1524.851 1524.766 1524.774 1524.813 1524.788 1524.777 1524.803 1524.79 1524.795 1524.826 1524.838 1524.855 1524.874 1524.932 1524.934 1524.933 1524.925 1524.997 1524.993 1525.047 1525.129 1525.154 1525.141 1525.192 1525.218 1525.324 1525.293 1525.229 1525.108 1524.971 1524.876 1524.9 1524.932 1524.974 1524.815 1524.968 1525.415 1526.259 1527.771 1531.119 1532.115 1532.983 1532.985 1532.948 1532.92 1532.939 1532.928 1532.933 1532.914 1532.904
1524.541 1524.532 1524.488 1524.509 1524.675 1524.659 1524.748 1524.752 1524.763 1524.749 1524.775 1524.706 1524.678 1524.782 1524.759 1524.702 1524.797 1524.826 1524.806 1524.768 1524.831 1524.771 1524.766 1524.745 1524.776 1524.792 1524.724 1524.75 1524.808 1524.884 1524.807 1524.849 1524.858 1524.868 1524.853 1524.873 1524.925 1525.016 1525.047 1525.043 1525.102 1525.125 1525.106 1525.091 1525.048 1524.955 1524.894 1524.897 1524.908 1524.893 1524.855 1524.9 1525.065 1525.471 1526.405 1528.463 1530.912 1532.046 1532.948 1533.002 1532.94 1532.94 1532.938 1532.952 1532.97 1532.948 1532.92
1524.536 1524.511 1524.493 1524.546 1524.707 1524.746 1524.742 1524.768 1524.787 1524.764 1524.776 1524.687 1524.73 1524.785 1524.763 1524.713 1524.823 1524.846 1524.786 1524.759 1524.815 1524.775 1524.78 1524.76 1524.76 1524.725 1524.711 1524.74 1524.832 1524.82 1524.786 1524.813 1524.826 1524.801 1524.796 1524.818 1524.914 1524.958 1524.963 1525.008 1525.019 1525.006 1524.997 1524.959 1524.911 1524.883 1524.908 1524.872 1524.86 1524.893 1524.941 1524.941 1524.978 1525.415 1526.715 1529.92 1531.837 1532.81 1533.01 1533.01 1532.96 1532.943 1532.968 1533.012 1532.972 1532.967 1532.93
1524.556 1524.484 1524.513 1524.567 1524.667 1524.808 1524.737 1524.762 1524.784 1524.737 1524.755 1524.669 1524.733 1524.748 1524.73 1524.682 1524.779 1524.839 1524.813 1524.773 1524.745 1524.778 1524.766 1524.73 1524.696 1524.785 1524.79 1524.746 1524.83 1524.81 1524.813 1524.787 1524.809 1524.818 1524.828 1524.871 1524.93 1524.96 1524.868 1524.891 1524.95 1524.911 1524.905 1524.87 1524.892 1524.884 1524.914 1524.903 1524.824 1524.955 1524.953 1524.925 1524.971 1525.666 1528.385 1532.583 1533.026 1533.048 1533.031 1533.008 1532.984 1532.982 1532.986 1532.956 1532.943 1532.947 1532.947
1524.602 1524.52 1524.543 1524.57 1524.57 1524.779 1524.752 1524.74 1524.757 1524.74 1524.723 1524.639 1524.708 1524.677 1524.731 1524.72 1524.786 1524.82 1524.77 1524.753 1524.751 1524.734 1524.717 1524.727 1524.723 1524.821 1524.813 1524.724 1524.752 1524.787 1524.796 1524.759 1524.795 1524.8 1524.824 1524.817 1524.838 1524.881 1524.868 1524.873 1524.902 1524.889 1524.867 1524.879 1524.906 1524.915 1524.926 1524.837 1524.935 1524.927 1524.912 1524.934 1525.372 1526.309 1530.707 1532.828 1533.086 1533.088 1533.07 1533.021 1533.003 1532.979 1532.949 1532.939 1532.941 1532.935 1532.948
1524.593 1524.552 1524.548 1524.656 1524.568 1524.685 1524.788 1524.71 1524.716 1524.723 1524.587 1524.593 1524.639 1524.691 1524.737 1524.726 1524.795 1524.704 1524.708 1524.687 1524.709 1524.645 1524.666 1524.728 1524.769 1524.766 1524.792 1524.747 1524.782 1524.786 1524.829 1524.817 1524.804 1524.826 1524.815 1524.805 1524.806 1524.827 1524.824 1524.853 1524.877 1524.828 1524.848 1524.871 1524.891 1524.935 1524.936 1524.909 1524.927 1524.898 1524.892 1524.979 1525.653 1527.058 1531.09 1532.948 1533.095 1533.098 1533.07 1533.023 1533.014 1532.988 1532.987 1532.952 1532.929 1532.94 1532.931
1524.524 1524.51 1524.534 1524.592 1524.544 1524.784 1524.721 1524.764 1524.738 1524.662 1524.556 1524.619 1524.725 1524.747 1524.727 1524.676 1524.726 1524.709 1524.624 1524.685 1524.613 1524.657 1524.725 1524.781 1524.821 1524.81 1524.77 1524.711 1524.767 1524.784 1524.762 1524.783 1524.768 1524.797 1524.816 1524.791 1524.785 1524.791 1524.794 1524.815 1524.832 1524.819 1524.834 1524.878 1524.879 1524.924 1524.907 1524.949 1524.898 1524.892 1524.875 1524.991 1525.975 1527.415 1531.879 1533.049 1533.097 1533.092 1533.069 1533.028 1533.02 1532.999 1532.994 1532.96 1532.924 1532.935 1532.9
1524.493 1524.505 1524.502 1524.524 1524.631 1524.791 1524.774 1524.824 1524.762 1524.664 1524.576 1524.668 1524.721 1524.692 1524.654 1524.639 1524.622 1524.564 1524.557 1524.649 1524.664 1524.7 1524.769 1524.777 1524.81 1524.706 1524.729 1524.664 1524.748 1524.775 1524.783 1524.79 1524.777 1524.793 1524.781 1524.746 1524.729 1524.776 1524.776 1524.797 1524.803 1524.829 1524.842 1524.877 1524.89 1524.902 1524.902 1524.909 1524.899 1524.889 1524.888 1525.027 1525.754 1527.625 1532.918 1533.101 1533.09 1533.086 1533.063 1533.027 1533.017 1533.014 1532.998 1532.974 1532.944 1532.917 1532.911
1524.459 1524.502 1524.527 1524.542 1524.633 1524.738 1524.797 1524.851 1524.786 1524.718 1524.597 1524.697 1524.664 1524.63 1524.635 1524.615 1524.607 1524.572 1524.631 1524.708 1524.729 1524.781 1524.805 1524.729 1524.74 1524.622 1524.69 1524.654 1524.719 1524.754 1524.767 1524.724 1524.762 1524.769 1524.738 1524.739 1524.709 1524.747 1524.748 1524.736 1524.781 1524.816 1524.823 1524.871 1524.887 1524.907 1524.897 1524.897 1524.888 1524.887 1524.931 1525.105 1525.452 1527.731 1532.611 1533 1533.059 1533.044 1533.003 1533.026 1533.029 1533.029 1533.022 1532.987 1532.958 1532.942 1533.009
1524.472 1524.49 1524.536 1524.575 1524.592 1524.677 1524.758 1524.791 1524.784 1524.749 1524.673 1524.679 1524.623 1524.674 1524.725 1524.728 1524.739 1524.674 1524.688 1524.728 1524.764 1524.791 1524.736 1524.728 1524.712 1524.605 1524.663 1524.605 1524.662 1524.687 1524.736 1524.712 1524.733 1524.716 1524.766 1524.756 1524.713 1524.684 1524.72 1524.769 1524.768 1524.816 1524.861 1524.867 1524.884 1524.888 1524.896 1524.879 1524.866 1524.866 1524.91 1525.13 1525.453 1527.338 1531.243 1532.057 1532.684 1532.344 1532.857 1533.03 1533.043 1533.042 1533.038 1533.016 1533.001 1532.998 1533.032
1524.459 1524.486 1524.52 1524.546 1524.573 1524.557 1524.729 1524.755 1524.76 1524.735 1524.717 1524.726 1524.713 1524.726 1524.757 1524.73 1524.74 1524.711 1524.763 1524.727 1524.713 1524.716 1524.729 1524.699 1524.566 1524.595 1524.627 1524.575 1524.574 1524.64 1524.747 1524.721 1524.718 1524.719 1524.788 1524.746 1524.732 1524.702 1524.745 1524.742 1524.756 1524.804 1524.874 1524.866 1524.878 1524.892 1524.866 1524.855 1524.857 1524.871 1524.902 1525.005 1525.785 1530.385 1532.292 1529.916 1532.067 1532.909 1533.038 1533.043 1533.058 1533.055 1533.045 1533.037 1533.027 1533.032 1533.049
1524.47 1524.482 1524.55 1524.582 1524.549 1524.536 1524.597 1524.722 1524.754 1524.802 1524.701 1524.742 1524.719 1524.678 1524.744 1524.755 1524.777 1524.756 1524.687 1524.661 1524.71 1524.703 1524.668 1524.691 1524.531 1524.558 1524.582 1524.565 1524.571 1524.726 1524.784 1524.723 1524.881 1524.756 1524.783 1524.666 1524.725 1524.699 1524.714 1524.714 1524.726 1524.77 1524.808 1524.843 1524.88 1524.871 1524.872 1524.882 1524.858 1524.885 1524.976 1525.05 1527.042 1531.928 1532.802 1532.871 1531.774 1531.713 1532.799 1533.056 1533.07 1533.065 1533.052 1533.052 1533.054 1533.052 1533.045
1524.478 1524.516 1524.573 1524.58 1524.55 1524.553 1524.526 1524.823 1524.757 1524.78 1524.748 1524.704 1524.688 1524.738 1524.763 1524.793 1524.721 1524.722 1524.709 1524.674 1524.692 1524.681 1524.654 1524.581 1524.525 1524.567 1524.599 1524.592 1524.614 1524.789 1524.807 1524.792 1525.068 1524.927 1524.783 1524.711 1524.696 1524.697 1524.728 1524.718 1524.75 1524.793 1524.822 1524.828 1524.854 1524.86 1524.828 1524.848 1524.87 1524.993 1525.085 1525.679 1528.063 1531.496 1532.629 1533.007 1532.427 1532.891 1533.049 1533.073 1533.093 1533.086 1533.058 1533.056 1533.052 1533.047 1533.057
1524.508 1524.561 1524.618 1524.614 1524.595 1524.586 1524.592 1524.679 1524.709 1524.733 1524.75 1524.756 1524.726 1524.757 1524.683 1524.653 1524.661 1524.684 1524.659 1524.647 1524.653 1524.648 1524.685 1524.594 1524.538 1524.555 1524.576 1524.634 1524.818 1524.885 1524.807 1524.836 1525.155 1525.04 1524.677 1524.609 1524.638 1524.663 1524.718 1524.699 1524.773 1524.772 1524.781 1524.85 1524.855 1524.856 1524.822 1524.799 1524.844 1524.938 1525.292 1526.621 1529.015 1531.557 1532.525 1533.019 1533.053 1533.061 1533.075 1533.108 1533.11 1533.107 1533.082 1533.058 1533.036 1533.036 1533.037
1524.515 1524.577 1524.597 1524.597 1524.626 1524.685 1524.615 1524.547 1524.699 1524.743 1524.74 1524.668 1524.682 1524.71 1524.701 1524.665 1524.655 1524.669 1524.63 1524.627 1524.623 1524.63 1524.621 1524.546 1524.589 1524.588 1524.56 1524.641 1524.68 1524.765 1524.783 1524.85 1524.943 1524.696 1524.577 1524.598 1524.62 1524.698 1524.713 1524.74 1524.761 1524.791 1524.769 1524.8 1524.819 1524.815 1524.805 1524.846 1524.815 1524.894 1525.724 1528.016 1530.342 1531.927 1532.359 1532.919 1533.09 1533.084 1533.109 1533.132 1533.127 1533.119 1533.113 1533.08 1533.065 1533.042 1533.02
1524.505 1524.582 1524.594 1524.567 1524.526 1524.633 1524.639 1524.62 1524.701 1524.764 1524.71 1524.641 1524.656 1524.656 1524.681 1524.666 1524.656 1524.658 1524.539 1524.586 1524.572 1524.579 1524.564 1524.542 1524.563 1524.542 1524.665 1524.904 1524.761 1524.73 1524.709 1524.711 1524.663 1524.677 1524.572 1524.587 1524.619 1524.688 1524.685 1524.74 1524.712 1524.783 1524.753 1524.817 1524.777 1524.773 1524.79 1524.81 1524.867 1525.292 1526.952 1530.388 1531.38 1531.606 1532.129 1532.86 1533.092 1533.095 1533.133 1533.151 1533.147 1533.145 1533.133 1533.11 1533.099 1533.079 1533.055
1524.506 1524.529 1524.588 1524.538 1524.515 1524.639 1524.631 1524.664 1524.649 1524.659 1524.685 1524.723 1524.679 1524.653 1524.683 1524.677 1524.624 1524.526 1524.527 1524.596 1524.604 1524.545 1524.544 1524.523 1524.573 1524.615 1524.669 1524.787 1524.894 1524.872 1524.714 1524.575 1524.575 1524.648 1524.573 1524.598 1524.648 1524.632 1524.649 1524.679 1524.712 1524.697 1524.757 1524.742 1524.741 1524.733 1524.76 1524.931 1525.197 1526.497 1529.282 1532.541 1532.381 1531.719 1531.76 1531.575 1533.063 1533.131 1533.156 1533.159 1533.156 1533.148 1533.146 1533.129 1533.109 1533.131 1533.123
1524.488 1524.484 1524.546 1524.546 1524.512 1524.613 1524.58 1524.634 1524.665 1524.651 1524.648 1524.657 1524.612 1524.625 1524.627 1524.633 1524.538 1524.517 1524.517 1524.6 1524.591 1524.553 1524.505 1524.521 1524.552 1524.693 1524.596 1524.614 1524.66 1524.622 1524.567 1524.555 1524.566 1524.563 1524.579 1524.62 1524.629 1524.676 1524.725 1524.666 1524.716 1524.695 1524.733 1524.699 1524.745 1524.827 1524.796 1524.999 1525.615 1527.889 1532.143 1532.828 1532.892 1532.454 1531.962 1531.312 1531.628 1533.164 1533.17 1533.172 1533.163 1533.16 1533.155 1533.153 1533.151 1533.161 1533.148
1524.498 1524.487 1524.513 1524.558 1524.518 1524.534 1524.543 1524.586 1524.604 1524.605 1524.668 1524.632 1524.651 1524.627 1524.547 1524.632 1524.622 1524.525 1524.525 1524.534 1524.548 1524.519 1524.527 1524.495 1524.535 1524.551 1524.564 1524.61 1524.612 1524.58 1524.552 1524.551 1524.589 1524.616 1524.614 1524.626 1524.574 1524.748 1524.68 1524.678 1524.723 1524.71 1524.682 1524.728 1524.777 1525.009 1525.277 1525.693 1527.108 1531.258 1531.949 1532.51 1532.727 1532.988 1532.935 1533.111 1533.144 1533.19 1533.182 1533.18 1533.168 1533.168 1533.171 1533.168 1533.17 1533.168 1533.165
1524.494 1524.492 1524.515 1524.538 1524.532 1524.512 1524.513 1524.579 1524.631 1524.583 1524.623 1524.649 1524.663 1524.655 1524.562 1524.61 1524.583 1524.599 1524.532 1524.533 1524.505 1524.502 1524.495 1524.48 1524.493 1524.491 1524.534 1524.5 1524.524 1524.522 1524.523 1524.561 1524.583 1524.643 1524.646 1524.56 1524.589 1524.694 1524.674 1524.714 1524.686 1524.724 1524.711 1524.784 1524.854 1525.059 1525.886 1527.49 1532.497 1532.368 1531.568 1532.156 1532.54 1533.106 1533.137 1533.173 1533.172 1533.197 1533.204 1533.199 1533.196 1533.191 1533.197 1533.193 1533.199 1533.197 1533.198
1524.505 1524.497 1524.498 1524.526 1524.522 1524.522 1524.501 1524.531 1524.648 1524.698 1524.666 1524.687 1524.658 1524.705 1524.634 1524.537 1524.567 1524.58 1524.555 1524.6 1524.529 1524.487 1524.485 1524.474 1524.473 1524.497 1524.494 1524.522 1524.491 1524.52 1524.526 1524.588 1524.577 1524.578 1524.608 1524.547 1524.553 1524.652 1524.678 1524.709 1524.706 1524.755 1524.753 1524.779 1525.113 1525.54 1527.023 1529.629 1532.438 1532.697 1532.489 1532.704 1533.115 1533.16 1533.174 1533.192 1533.194 1533.213 1533.22 1533.225 1533.229 1533.241 1533.238 1533.241 1533.231 1533.222 1533.225
1524.51 1524.492 1524.5 1524.512 1524.495 1524.506 1524.497 1524.514 1524.543 1524.727 1524.701 1524.707 1524.739 1524.778 1524.776 1524.586 1524.529 1524.532 1524.644 1524.63 1524.546 1524.483 1524.454 1524.465 1524.464 1524.482 1524.507 1524.496 1524.482 1524.469 1524.492 1524.52 1524.595 1524.586 1524.561 1524.534 1524.551 1524.606 1524.724 1524.728 1524.704 1524.743 1524.769 1524.955 1525.209 1526.664 1529.019 1529.748 1531.934 1532.558 1533.115 1532.943 1533.193 1533.191 1533.207 1533.205 1533.21 1533.226 1533.225 1533.234 1533.24 1533.249 1533.245 1533.253 1533.24 1533.243 1533.25
1524.53 1524.5 1524.484 1524.487 1524.49 1524.49 1524.489 1524.518 1524.586 1524.666 1524.709 1524.649 1524.672 1524.852 1524.892 1524.673 1524.546 1524.519 1524.66 1524.562 1524.491 1524.5 1524.469 1524.448 1524.452 1524.465 1524.494 1524.501 1524.484 1524.475 1524.462 1524.489 1524.524 1524.563 1524.519 1524.533 1524.576 1524.674 1524.701 1524.737 1524.794 1524.793 1524.926 1525.075 1525.855 1528.561 1531.34 1532.522 1532.125 1532.614 1533.16 1533.199 1533.228 1533.238 1533.227 1533.202 1533.223 1533.25 1533.244 1533.252 1533.247 1533.25 1533.253 1533.253 1533.256 1533.255 1533.25
1524.512 1524.486 1524.487 1524.494 1524.494 1524.49 1524.505 1524.529 1524.597 1524.659 1524.686 1524.568 1524.601 1524.705 1524.852 1524.799 1524.551 1524.535 1524.55 1524.511 1524.478 1524.469 1524.442 1524.44 1524.448 1524.438 1524.463 1524.474 1524.467 1524.481 1524.475 1524.495 1524.486 1524.484 1524.512 1524.533 1524.629 1524.725 1524.736 1524.842 1524.989 1525.13 1525.183 1525.567 1527.583 1531.489 1532.344 1533.019 1532.58 1532.43 1533.147 1533.194 1533.199 1533.226 1533.214 1533.207 1533.235 1533.25 1533.242 1533.261 1533.274 1533.269 1533.265 1533.263 1533.263 1533.263 1533.261
1524.485 1524.476 1524.485 1524.485 1524.495 1524.493 1524.532 1524.528 1524.526 1524.585 1524.634 1524.665 1524.621 1524.675 1524.691 1524.66 1524.539 1524.521 1524.52 1524.522 1524.51 1524.468 1524.462 1524.442 1524.46 1524.457 1524.454 1524.449 1524.467 1524.458 1524.473 1524.474 1524.47 1524.491 1524.507 1524.548 1524.671 1524.701 1524.781 1524.889 1525.178 1525.432 1525.695 1526.39 1530.87 1532.747 1532.47 1533.027 1533.069 1532.392 1533.132 1533.177 1533.207 1533.213 1533.208 1533.221 1533.238 1533.249 1533.261 1533.275 1533.305 1533.299 1533.286 1533.276 1533.264 1533.266 1533.272
1524.492 1524.474 1524.474 1524.485 1524.498 1524.512 1524.526 1524.532 1524.523 1524.536 1524.647 1524.7 1524.549 1524.574 1524.625 1524.555 1524.507 1524.513 1524.531 1524.544 1524.521 1524.466 1524.466 1524.464 1524.447 1524.453 1524.457 1524.457 1524.462 1524.454 1524.474 1524.48 1524.528 1524.525 1524.519 1524.549 1524.692 1524.732 1524.885 1525.014 1525.293 1525.591 1526.026 1527.535 1531.917 1532.403 1532.073 1532.811 1533.065 1533.078 1533.109 1533.164 1533.195 1533.214 1533.217 1533.229 1533.255 1533.27 1533.28 1533.289 1533.323 1533.33 1533.304 1533.284 1533.27 1533.272 1533.274
1524.497 1524.483 1524.479 1524.47 1524.482 1524.499 1524.536 1524.523 1524.548 1524.544 1524.542 1524.52 1524.522 1524.53 1524.529 1524.509 1524.498 1524.518 1524.519 1524.532 1524.488 1524.474 1524.467 1524.464 1524.443 1524.443 1524.472 1524.462 1524.455 1524.461 1524.47 1524.477 1524.6 1524.647 1524.608 1524.631 1524.778 1524.896 1525.072 1525.235 1525.547 1526.748 1528.22 1529.235 1530.739 1531.372 1531.737 1532.381 1533.049 1533.064 1533.074 1533.145 1533.189 1533.219 1533.236 1533.244 1533.261 1533.294 1533.32 1533.306 1533.306 1533.319 1533.299 1533.278 1533.28 1533.288 1533.283
1524.487 1524.489 1524.477 1524.475 1524.469 1524.493 1524.509 1524.519 1524.542 1524.519 1524.514 1524.518 1524.524 1524.523 1524.512 1524.514 1524.506 1524.531 1524.553 1524.523 1524.495 1524.471 1524.472 1524.464 1524.45 1524.46 1524.476 1524.472 1524.474 1524.455 1524.463 1524.466 1524.523 1524.638 1524.711 1524.832 1525.043 1525.135 1525.462 1525.951 1527.28 1530.11 1532.221 1530.975 1531.289 1531.691 1532.557 1532.762 1533.042 1532.274 1532.282 1532.48 1533.196 1533.225 1533.254 1533.268 1533.29 1533.311 1533.327 1533.323 1533.322 1533.32 1533.301 1533.325 1533.315 1533.3 1533.308
1524.486 1524.493 1524.489 1524.479 1524.485 1524.482 1524.495 1524.511 1524.509 1524.512 1524.522 1524.509 1524.497 1524.513 1524.528 1524.512 1524.533 1524.556 1524.56 1524.495 1524.492 1524.481 1524.477 1524.472 1524.48 1524.48 1524.484 1524.495 1524.473 1524.456 1524.459 1524.466 1524.581 1524.848 1525.588 1525.878 1526.21 1526.933 1528.054 1528.084 1529.898 1531.715 1532.583 1531.698 1531.617 1531.286 1532.123 1532.768 1532.99 1531.919 1532.103 1533.049 1533.198 1533.246 1533.285 1533.304 1533.314 1533.311 1533.325 1533.317 1533.319 1533.324 1533.311 1533.319 1533.302 1533.307 1533.32
