examples/topo.asc
ncols         282
nrows         286
xllcorner     318017.9701
yllcorner     3849563.6891
cellsize      4
NODATA_value  -9999
[rows 90 to 119 of 286, columns 134 to 200 of 282]
1534.53 1534.547 1534.555 1534.619 1534.706 1534.789 1534.713 1534.601 1534.569 1534.504 1534.467 1534.454 1534.457 1534.443 1534.465 1534.475 1534.476 1534.464 1534.468 1534.456 1534.43 1534.423 1534.418 1534.404 1534.396 1534.403 1534.404 1534.425 1534.418 -9999 -9999 -9999 -9999 -9999 -9999 -9999 -9999 -9999 -9999 -9999 -9999 -9999 -9999 -9999 -9999 -9999 -9999 -9999 -9999 -9999 -9999 -9999 -9999 -9999 -9999 -9999 -9999 -9999 -9999 -9999 -9999 -9999 -9999 -9999 -9999 -9999 -9999
1534.491 1534.547 1534.56 1534.604 1534.734 1534.707 1534.661 1534.641 1534.651 1534.54 1534.475 1534.458 1534.456 1534.445 1534.471 1534.475 1534.475 1534.485 1534.494 1534.463 1534.418 1534.406 1534.398 1534.394 1534.393 1534.396 1534.396 1534.408 1534.409 1534.413 -9999 -9999 -9999 -9999 -9999 -9999 -9999 -9999 -9999 -9999 -9999 -9999 -9999 -9999 -9999 -9999 -9999 -9999 -9999 -9999 -9999 -9999 -9999 -9999 -9999 -9999 -9999 -9999 -9999 -9999 -9999 -9999 -9999 -9999 -9999 -9999 -9999
1534.533 1534.56 1534.564 1534.583 1534.637 1534.646 1534.658 1534.64 1534.617 1534.548 1534.472 1534.468 1534.465 1534.483 1534.484 1534.479 1534.47 1534.449 1534.454 1534.435 1534.401 1534.396 1534.397 1534.394 1534.381 1534.389 1534.386 1534.414 1534.403 1534.394 1534.387 -9999 -9999 -9999 -9999 -9999 -9999 -9999 -9999 -9999 -9999 -9999 -9999 -9999 -9999 -9999 -9999 -9999 -9999 -9999 -9999 -9999 -9999 -9999 -9999 -9999 -9999 -9999 -9999 -9999 -9999 -9999 -9999 -9999 -9999 -9999 -9999
1534.557 1534.57 1534.576 1534.566 1534.586 1534.602 1534.63 1534.595 1534.549 1534.517 1534.487 1534.476 1534.481 1534.484 1534.481 1534.468 1534.453 1534.439 1534.425 1534.412 1534.402 1534.397 1534.399 1534.398 1534.394 1534.379 1534.368 1534.385 1534.394 1534.384 1534.383 1534.372 -9999 -9999 -9999 -9999 -9999 -9999 -9999 -9999 -9999 -9999 -9999 -9999 -9999 -9999 -9999 -9999 -9999 -9999 -9999 -9999 -9999 -9999 -9999 -9999 -9999 -9999 -9999 -9999 -9999 -9999 -9999 -9999 -9999 -9999 -9999
1534.521 1534.499 1534.494 1534.571 1534.606 1534.589 1534.582 1534.561 1534.526 1534.508 1534.496 1534.5 1534.512 1534.495 1534.481 1534.459 1534.463 1534.427 1534.414 1534.401 1534.395 1534.394 1534.396 1534.394 1534.381 1534.371 1534.358 1534.374 1534.374 1534.376 1534.37 1534.371 1534.364 -9999 -9999 -9999 -9999 -9999 -9999 -9999 -9999 -9999 -9999 -9999 -9999 -9999 -9999 -9999 -9999 -9999 -9999 -9999 -9999 -9999 -9999 -9999 -9999 -9999 -9999 -9999 -9999 -9999 -9999 -9999 -9999 -9999 -9999
1534.417 1533.557 1533.631 1534.45 1534.59 1534.56 1534.601 1534.539 1534.521 1534.499 1534.495 1534.519 1534.506 1534.519 1534.52 1534.467 1534.449 1534.441 1534.422 1534.408 1534.395 1534.396 1534.386 1534.377 1534.359 1534.357 1534.356 1534.35 1534.36 1534.365 1534.369 1534.361 1534.349 1534.362 -9999 -9999 -9999 -9999 -9999 -9999 -9999 -9999 -9999 -9999 -9999 -9999 -9999 -9999 -9999 -9999 -9999 -9999 -9999 -9999 -9999 -9999 -9999 -9999 -9999 -9999 -9999 -9999 -9999 -9999 -9999 -9999 -9999
1533.521 1533.157 1533.548 1534.466 1534.51 1534.529 1534.617 1534.515 1534.521 1534.505 1534.501 1534.499 1534.499 1534.568 1534.542 1534.483 1534.452 1534.449 1534.437 1534.392 1534.391 1534.39 1534.391 1534.368 1534.345 1534.352 1534.34 1534.348 1534.345 1534.353 1534.346 1534.347 1534.341 1534.342 1534.336 -9999 -9999 -9999 -9999 -9999 -9999 -9999 -9999 -9999 -9999 -9999 -9999 -9999 -9999 -9999 -9999 -9999 -9999 -9999 -9999 -9999 -9999 -9999 -9999 -9999 -9999 -9999 -9999 -9999 -9999 -9999 -9999
1531.996 1532.493 1532.924 1534.15 1534.483 1534.557 1534.529 1534.518 1534.515 1534.51 1534.505 1534.49 1534.515 1534.557 1534.527 1534.481 1534.448 1534.427 1534.407 1534.393 1534.378 1534.371 1534.375 1534.356 1534.352 1534.352 1534.34 1534.353 1534.343 1534.342 1534.335 1534.352 1534.357 1534.343 1534.335 1534.353 -9999 -9999 -9999 -9999 -9999 -9999 -9999 -9999 -9999 -9999 -9999 -9999 -9999 -9999 -9999 -9999 -9999 -9999 -9999 -9999 -9999 -9999 -9999 -9999 -9999 -9999 -9999 -9999 -9999 -9999 -9999
1530.459 1531.457 1532.71 1534.255 1534.421 1534.504 1534.518 1534.503 1534.494 1534.489 1534.488 1534.498 1534.477 1534.463 1534.517 1534.46 1534.433 1534.406 1534.397 1534.384 1534.376 1534.359 1534.362 1534.352 1534.353 1534.352 1534.343 1534.337 1534.331 1534.345 1534.337 1534.331 1534.352 1534.347 1534.328 1534.318 1534.312 -9999 -9999 -9999 -9999 -9999 -9999 -9999 -9999 -9999 -9999 -9999 -9999 -9999 -9999 -9999 -9999 -9999 -9999 -9999 -9999 -9999 -9999 -9999 -9999 -9999 -9999 -9999 -9999 -9999 -9999
1528.939 1530.338 1532.841 1533.926 1533.842 1534.415 1534.45 1534.473 1534.475 1534.466 1534.463 1534.496 1534.436 1534.416 1534.469 1534.44 1534.42 1534.392 1534.389 1534.382 1534.364 1534.362 1534.356 1534.36 1534.356 1534.352 1534.347 1534.349 1534.343 1534.345 1534.343 1534.349 1534.337 1534.317 1534.297 1534.308 1534.311 1534.302 -9999 -9999 -9999 -9999 -9999 -9999 -9999 -9999 -9999 -9999 -9999 -9999 -9999 -9999 -9999 -9999 -9999 -9999 -9999 -9999 -9999 -9999 -9999 -9999 -9999 -9999 -9999 -9999 -9999
1528.73 1529.07 1531.234 1533.041 1533.863 1534.067 1534.407 1534.401 1534.41 1534.424 1534.429 1534.409 1534.38 1534.36 1534.376 1534.377 1534.369 1534.376 1534.382 1534.373 1534.351 1534.337 1534.349 1534.357 1534.35 1534.347 1534.339 1534.355 1534.349 1534.344 1534.334 1534.344 1534.331 1534.318 1534.301 1534.294 1534.298 1534.295 1534.288 -9999 -9999 -9999 -9999 -9999 -9999 -9999 -9999 -9999 -9999 -9999 -9999 -9999 -9999 -9999 -9999 -9999 -9999 -9999 -9999 -9999 -9999 -9999 -9999 -9999 -9999 -9999 -9999
1528.546 1528.869 1529.269 1531.982 1533.697 1533.208 1534.088 1533.897 1533.559 1534.39 1534.37 1534.333 1534.32 1534.288 1534.295 1534.326 1534.351 1534.387 1534.389 1534.396 1534.354 1534.352 1534.344 1534.341 1534.344 1534.339 1534.337 1534.338 1534.349 1534.346 1534.353 1534.33 1534.317 1534.302 1534.3 1534.29 1534.286 1534.267 1534.263 1534.259 -9999 -9999 -9999 -9999 -9999 -9999 -9999 -9999 -9999 -9999 -9999 -9999 -9999 -9999 -9999 -9999 -9999 -9999 -9999 -9999 -9999 -9999 -9999 -9999 -9999 -9999 -9999
1528.562 1528.79 1529.032 1529.798 1532.283 1532.924 1534.028 1533.468 1533.357 1534.333 1534.353 1534.311 1534.188 1534.177 1534.277 1534.292 1534.323 1534.349 1534.393 1534.369 1534.354 1534.362 1534.335 1534.347 1534.34 1534.334 1534.341 1534.345 1534.348 1534.382 1534.387 1534.343 1534.318 1534.301 1534.287 1534.289 1534.297 1534.287 1534.254 1534.255 1534.233 -9999 -9999 -9999 -9999 -9999 -9999 -9999 -9999 -9999 -9999 -9999 -9999 -9999 -9999 -9999 -9999 -9999 -9999 -9999 -9999 -9999 -9999 -9999 -9999 -9999 -9999
1528.594 1528.807 1529.05 1529.353 1530.658 1532.929 1533.271 1533.128 1533.144 1534.332 1534.361 1533.936 1533.35 1534.174 1534.238 1534.26 1534.291 1534.32 1534.358 1534.363 1534.356 1534.357 1534.35 1534.344 1534.33 1534.343 1534.355 1534.338 1534.348 1534.366 1534.352 1534.354 1534.351 1534.297 1534.295 1534.292 1534.308 1534.277 1534.241 1534.222 1534.235 1534.224 -9999 -9999 -9999 -9999 -9999 -9999 -9999 -9999 -9999 -9999 -9999 -9999 -9999 -9999 -9999 -9999 -9999 -9999 -9999 -9999 -9999 -9999 -9999 -9999 -9999
1528.725 1528.911 1529.093 1529.353 1529.71 1531.524 1532.336 1532.756 1533.392 1534.329 1533.469 1533.16 1533.281 1534.131 1534.229 1534.264 1534.317 1534.308 1534.342 1534.385 1534.417 1534.38 1534.338 1534.341 1534.364 1534.352 1534.346 1534.344 1534.343 1534.335 1534.329 1534.328 1534.349 1534.3 1534.294 1534.287 1534.284 1534.259 1534.253 1534.233 1534.216 1534.214 1534.204 -9999 -9999 -9999 -9999 -9999 -9999 -9999 -9999 -9999 -9999 -9999 -9999 -9999 -9999 -9999 -9999 -9999 -9999 -9999 -9999 -9999 -9999 -9999 -9999
1528.81 1529.155 1529.191 1529.38 1529.686 1530.231 1531.937 1533.021 1533.945 1533.333 1534.109 1534.189 1534.185 1534.187 1534.246 1534.291 1534.321 1534.315 1534.327 1534.38 1534.39 1534.393 1534.374 1534.364 1534.367 1534.362 1534.344 1534.34 1534.34 1534.335 1534.313 1534.315 1534.292 1534.297 1534.297 1534.299 1534.269 1534.263 1534.248 1534.222 1534.209 1534.217 1534.19 1534.178 -9999 -9999 -9999 -9999 -9999 -9999 -9999 -9999 -9999 -9999 -9999 -9999 -9999 -9999 -9999 -9999 -9999 -9999 -9999 -9999 -9999 -9999 -9999
1528.633 1529.099 1529.502 1529.527 1529.695 1530.032 1531.458 1533.099 1533.514 1534.188 1534.15 1534.151 1534.225 1534.207 1534.236 1534.272 1534.313 1534.32 1534.294 1534.366 1534.388 1534.399 1534.375 1534.35 1534.359 1534.366 1534.357 1534.333 1534.335 1534.328 1534.312 1534.296 1534.291 1534.289 1534.298 1534.284 1534.263 1534.264 1534.236 1534.201 1534.197 1534.191 1534.182 1534.174 1534.178 -9999 -9999 -9999 -9999 -9999 -9999 -9999 -9999 -9999 -9999 -9999 -9999 -9999 -9999 -9999 -9999 -9999 -9999 -9999 -9999 -9999 -9999
1528.547 1528.933 1529.571 1529.804 1529.82 1530.08 1530.671 1532.823 1533.029 1534.077 1534.113 1534.14 1534.184 1534.172 1534.161 1534.208 1534.301 1534.308 1534.328 1534.351 1534.386 1534.375 1534.372 1534.357 1534.341 1534.358 1534.353 1534.349 1534.346 1534.326 1534.323 1534.31 1534.303 1534.307 1534.29 1534.284 1534.274 1534.283 1534.267 1534.199 1534.19 1534.184 1534.167 1534.166 1534.171 1534.17 -9999 -9999 -9999 -9999 -9999 -9999 -9999 -9999 -9999 -9999 -9999 -9999 -9999 -9999 -9999 -9999 -9999 -9999 -9999 -9999 -9999
1528.461 1528.828 1529.363 1529.728 1530.04 1530.199 1530.5 1531.368 1533.801 1533.955 1534.053 1534.149 1534.188 1534.133 1533.95 1534.146 1534.205 1534.303 1534.349 1534.354 1534.369 1534.388 1534.386 1534.373 1534.347 1534.354 1534.355 1534.354 1534.357 1534.34 1534.366 1534.338 1534.32 1534.32 1534.347 1534.299 1534.28 1534.279 1534.3 1534.212 1534.194 1534.17 1534.165 1534.159 1534.151 1534.134 1534.134 -9999 -9999 -9999 -9999 -9999 -9999 -9999 -9999 -9999 -9999 -9999 -9999 -9999 -9999 -9999 -9999 -9999 -9999 -9999 -9999
1528.527 1528.771 1529.113 1529.621 1530.118 1530.528 1530.697 1530.924 1533.945 1533.386 1533.759 1534.086 1534.115 1533.939 1533.001 1533.815 1534.161 1534.244 1534.324 1534.354 1534.393 1534.414 1534.401 1534.389 1534.372 1534.37 1534.383 1534.375 1534.39 1534.382 1534.389 1534.348 1534.319 1534.324 1534.302 1534.304 1534.299 1534.256 1534.201 1534.192 1534.18 1534.152 1534.151 1534.117 1534.093 1534.101 1534.101 1534.111 -9999 -9999 -9999 -9999 -9999 -9999 -9999 -9999 -9999 -9999 -9999 -9999 -9999 -9999 -9999 -9999 -9999 -9999 -9999
1528.401 1528.849 1529.346 1529.775 1530.078 1530.499 1530.924 1531.154 1533.112 1532.938 1532.538 1533.903 1534.099 1533.349 1532.321 1534.225 1534.151 1534.136 1534.292 1534.352 1534.417 1534.421 1534.426 1534.408 1534.397 1534.406 1534.39 1534.399 1534.389 1534.366 1534.354 1534.333 1534.31 1534.262 1534.268 1534.266 1534.284 1534.241 1534.172 1534.174 1534.156 1534.116 1534.09 1534.081 1534.076 1534.079 1534.095 1534.112 1534.029 -9999 -9999 -9999 -9999 -9999 -9999 -9999 -9999 -9999 -9999 -9999 -9999 -9999 -9999 -9999 -9999 -9999 -9999
1528.69 1529.254 1529.356 1529.77 1530.059 1530.297 1530.745 1531.22 1531.894 1532.51 1531.492 1533.11 1532.634 1531.426 1531.96 1532.883 1533.381 1534.102 1534.286 1534.304 1534.41 1534.409 1534.403 1534.386 1534.388 1534.399 1534.391 1534.376 1534.363 1534.315 1534.316 1534.307 1534.26 1534.231 1534.226 1534.21 1534.187 1534.175 1534.155 1534.171 1534.176 1534.083 1534.063 1534.091 1534.078 1534.073 1534.071 1534.057 1534.024 1534.011 -9999 -9999 -9999 -9999 -9999 -9999 -9999 -9999 -9999 -9999 -9999 -9999 -9999 -9999 -9999 -9999 -9999
1528.761 1528.793 1528.735 1529.224 1529.636 1530.014 1530.198 1530.526 1531.19 1532.105 1530.58 1531.441 1530.563 1532.007 1533.852 1534.056 1534.109 1534.248 1534.297 1534.327 1534.369 1534.427 1534.467 1534.387 1534.388 1534.395 1534.424 1534.4 1534.323 1534.26 1534.228 1534.217 1534.222 1534.213 1534.229 1534.181 1534.156 1534.137 1534.14 1534.111 1534.073 1534.064 1534.063 1534.082 1534.083 1534.053 1534.038 1534.036 1534.011 1534.004 1533.971 -9999 -9999 -9999 -9999 -9999 -9999 -9999 -9999 -9999 -9999 -9999 -9999 -9999 -9999 -9999 -9999
1528.004 1527.757 1527.848 1528.28 1528.996 1529.463 1529.463 1529.798 1530.431 1530.428 1529.646 1529.768 1530.839 1532.76 1534.146 1534.17 1534.247 1534.296 1534.334 1534.371 1534.379 1534.43 1534.426 1534.397 1534.381 1534.354 1534.355 1534.379 1534.27 1534.228 1534.215 1534.201 1534.207 1534.215 1534.176 1534.135 1534.123 1534.105 1534.104 1534.085 1534.068 1534.063 1534.066 1534.068 1534.064 1534.045 1534.035 1534.024 1534.006 1533.984 1533.948 1533.917 -9999 -9999 -9999 -9999 -9999 -9999 -9999 -9999 -9999 -9999 -9999 -9999 -9999 -9999 -9999
1527.293 1527.036 1527.294 1527.631 1528.244 1528.749 1528.977 1529.428 1529.807 1529.212 1529.222 1530.805 1532.997 1532.939 1533.47 1534.144 1534.365 1534.359 1534.443 1534.395 1534.395 1534.428 1534.454 1534.424 1534.31 1534.29 1534.303 1534.282 1534.248 1534.211 1534.238 1534.196 1534.185 1534.169 1534.134 1534.12 1534.086 1534.084 1534.074 1534.072 1534.062 1534.063 1534.075 1534.066 1534.047 1534.04 1534.04 1534.014 1533.985 1533.969 1533.956 1533.903 1533.786 -9999 -9999 -9999 -9999 -9999 -9999 -9999 -9999 -9999 -9999 -9999 -9999 -9999 -9999
1526.636 1526.536 1526.932 1527.283 1527.7 1528.345 1528.697 1529.099 1529.163 1528.668 1531.126 1532.283 1533.928 1534.199 1534.183 1534.293 1534.553 1534.482 1534.497 1534.497 1534.484 1534.448 1534.456 1534.35 1534.282 1534.277 1534.265 1534.257 1534.229 1534.235 1534.232 1534.174 1534.152 1534.133 1534.111 1534.107 1534.09 1534.061 1534.057 1534.06 1534.065 1534.054 1534.058 1534.035 1534.006 1534.005 1534.025 1534.002 1533.958 1533.951 1533.932 1533.878 1533.825 1532.604 -9999 -9999 -9999 -9999 -9999 -9999 -9999 -9999 -9999 -9999 -9999 -9999 -9999
1526.088 1526.205 1526.498 1526.911 1527.323 1527.908 1528.389 1528.624 1528.42 1529.189 1531.992 1532.808 1533.769 1534.199 1534.285 1534.378 1534.642 1534.651 1534.542 1534.489 1534.444 1534.407 1534.399 1534.267 1534.25 1534.27 1534.256 1534.271 1534.235 1534.253 1534.22 1534.13 1534.119 1534.106 1534.097 1534.081 1534.073 1534.08 1534.058 1534.066 1534.058 1534.069 1534.058 1534.007 1533.992 1533.994 1533.974 1533.96 1533.952 1533.937 1533.918 1533.865 1533.557 1532.826 1532.336 -9999 -9999 -9999 -9999 -9999 -9999 -9999 -9999 -9999 -9999 -9999 -9999
1525.994 1526.115 1526.297 1526.719 1527.055 1527.535 1527.917 1528.054 1527.79 1529.291 1530.669 1532.726 1533.464 1534.326 1534.386 1534.43 1534.52 1534.562 1534.508 1534.428 1534.402 1534.32 1534.297 1534.238 1534.224 1534.218 1534.214 1534.267 1534.248 1534.217 1534.245 1534.149 1534.086 1534.077 1534.058 1534.037 1534.061 1534.074 1534.073 1534.078 1534.066 1534.058 1534.009 1533.983 1533.996 1533.97 1533.958 1533.953 1533.937 1533.924 1533.899 1533.859 1533.838 1533.79 1533.766 1533.779 1533.707 -9999 -9999 -9999 -9999 -9999 -9999 -9999 -9999 -9999 -9999
1526.017 1526.06 1526.248 1526.605 1527.07 1527.388 1527.624 1527.569 1527.527 1528.692 1530.575 1532.938 1533.392 1534.13 1534.353 1534.384 1534.367 1534.384 1534.429 1534.417 1534.358 1534.263 1534.253 1534.207 1534.214 1534.204 1534.194 1534.18 1534.142 1534.113 1534.158 1534.154 1534.12 1534.077 1534.076 1534.037 1534.037 1534.053 1534.07 1534.099 1534.076 1534.046 1533.985 1533.965 1533.951 1533.951 1533.929 1533.93 1533.918 1533.912 1533.892 1533.863 1533.827 1533.799 1533.782 1533.784 1533.328 1532.95 -9999 -9999 -9999 -9999 -9999 -9999 -9999 -9999 -9999
1526.102 1526.087 1526.215 1526.56 1526.869 1527.1 1527.234 1527.138 1527.016 1528.128 1529.961 1533.48 1533.447 1533.712 1533.979 1534.117 1534.21 1534.314 1534.335 1534.377 1534.326 1534.231 1534.172 1534.151 1534.172 1534.167 1534.169 1534.151 1534.093 1534.063 1534.08 1534.121 1534.193 1534.093 1534.037 1534.033 1534.039 1534.048 1534.038 1534.045 1534.09 1534.008 1533.983 1533.958 1533.964 1533.949 1533.93 1533.9 1533.896 1533.887 1533.881 1533.862 1533.827 1533.807 1533.787 1533.739 1533.282 1533.646 1533.678 -9999 -9999 -9999 -9999 -9999 -9999 -9999 -9999
