examples/topo.asc
ncols         282
nrows         286
xllcorner     318017.9701
yllcorner     3849563.6891
cellsize      4
NODATA_value  -9999
[rows 120 to 149 of 286, columns 0 to 66 of 282]
-9999 -9999 -9999 -9999 -9999 -9999 -9999 -9999 -9999 -9999 -9999 -9999 -9999 -9999 -9999 -9999 -9999 -9999 -9999 -9999 -9999 -9999 1534.65 1534.618 1534.596 1534.559 1534.502 1534.52 1534.489 1534.403 1533.908 1532.157 1530.123 1528.724 1528.374 1528.146 1527.978 1527.777 1527.641 1527.552 1527.49 1527.46 1527.423 1527.373 1527.368 1527.254 1527.283 1527.478 1527.431 1527.393 1527.451 1527.491 1527.504 1527.537 1527.4 1527.471 1527.501 1527.493 1527.531 1527.491 1527.427 1527.235 1527.14 1526.999 1526.85 1526.705 1526.721
-9999 -9999 -9999 -9999 -9999 -9999 -9999 -9999 -9999 -9999 -9999 -9999 -9999 -9999 -9999 -9999 -9999 -9999 -9999 -9999 -9999 -9999 1534.635 1534.614 1534.588 1534.562 1534.098 1534.465 1534.432 1534.276 1534.2 1532.378 1530.699 1529.074 1528.524 1528.245 1528.016 1527.822 1527.662 1527.559 1527.486 1527.452 1527.431 1527.399 1527.336 1527.271 1527.345 1527.399 1527.471 1527.48 1527.466 1527.533 1527.552 1527.515 1527.328 1527.471 1527.517 1527.589 1527.62 1527.519 1527.419 1527.202 1527.147 1527.15 1526.945 1526.755 1526.685
-9999 -9999 -9999 -9999 -9999 -9999 -9999 -9999 -9999 -9999 -9999 -9999 -9999 -9999 -9999 -9999 -9999 -9999 -9999 -9999 -9999 -9999 1534.615 1534.61 1534.586 1534.572 1534.438 1533.925 1533.83 1533.799 1534.025 1532.419 1530.659 1529.518 1528.802 1528.342 1528.01 1527.828 1527.682 1527.571 1527.499 1527.443 1527.417 1527.411 1527.385 1527.358 1527.38 1527.328 1527.422 1527.522 1527.507 1527.596 1527.582 1527.524 1527.532 1527.566 1527.602 1527.653 1527.686 1527.569 1527.403 1527.188 1527.116 1527.095 1526.973 1526.858 1526.715
-9999 -9999 -9999 -9999 -9999 -9999 -9999 -9999 -9999 -9999 -9999 -9999 -9999 -9999 -9999 -9999 -9999 -9999 -9999 -9999 -9999 -9999 1534.616 1534.608 1534.583 1534.563 1534.541 1534.12 1534.296 1534.283 1534.011 1533.519 1532.025 1530.372 1529.038 1528.515 1528.051 1527.855 1527.65 1527.577 1527.459 1527.433 1527.422 1527.433 1527.465 1527.383 1527.318 1527.469 1527.55 1527.519 1527.593 1527.606 1527.617 1527.615 1527.621 1527.603 1527.604 1527.653 1527.737 1527.692 1527.354 1527.207 1527.13 1527.064 1526.943 1526.922 1526.873
-9999 -9999 -9999 -9999 -9999 -9999 -9999 -9999 -9999 -9999 -9999 -9999 -9999 -9999 -9999 -9999 -9999 -9999 -9999 -9999 -9999 -9999 -9999 1534.611 1534.594 1534.556 1534.548 1534.522 1534.113 1534.315 1534.245 1534.411 1533.885 1531.433 1529.709 1528.526 1528.063 1527.863 1527.667 1527.581 1527.466 1527.41 1527.411 1527.44 1527.49 1527.433 1527.402 1527.577 1527.553 1527.513 1527.508 1527.609 1527.608 1527.631 1527.632 1527.618 1527.61 1527.698 1527.755 1527.673 1527.484 1527.256 1527.244 1527.101 1527.133 1526.946 1526.894
-9999 -9999 -9999 -9999 -9999 -9999 -9999 -9999 -9999 -9999 -9999 -9999 -9999 -9999 -9999 -9999 -9999 -9999 -9999 -9999 -9999 -9999 -9999 1534.602 1534.592 1534.572 1534.552 1534.538 1534.512 1534.487 1534.476 1534.471 1534.429 1533.102 1531.048 1529.177 1528.181 1527.796 1527.613 1527.538 1527.468 1527.419 1527.409 1527.411 1527.528 1527.512 1527.447 1527.473 1527.536 1527.625 1527.573 1527.667 1527.585 1527.609 1527.583 1527.608 1527.649 1527.699 1527.799 1527.748 1527.54 1527.371 1527.3 1527.137 1527.091 1526.989 1526.891
-9999 -9999 -9999 -9999 -9999 -9999 -9999 -9999 -9999 -9999 -9999 -9999 -9999 -9999 -9999 -9999 -9999 -9999 -9999 -9999 -9999 -9999 -9999 1534.607 1534.601 1534.583 1534.563 1534.535 1534.51 1534.496 1534.469 1534 1534.309 1534.179 1532.425 1530.195 1528.49 1528.057 1527.717 1527.543 1527.466 1527.421 1527.42 1527.419 1527.562 1527.527 1527.456 1527.457 1527.589 1527.72 1527.626 1527.65 1527.658 1527.683 1527.635 1527.671 1527.741 1527.988 1527.877 1527.756 1527.443 1527.355 1527.281 1527.108 1527.07 1527.005 1526.944
-9999 -9999 -9999 -9999 -9999 -9999 -9999 -9999 -9999 -9999 -9999 -9999 -9999 -9999 -9999 -9999 -9999 -9999 -9999 -9999 -9999 -9999 -9999 1534.623 1534.628 1534.605 1534.57 1534.544 1534.528 1534.111 1533.937 1534.278 1534.42 1534.341 1533.404 1530.939 1529.007 1528.261 1527.878 1527.658 1527.476 1527.446 1527.426 1527.426 1527.467 1527.445 1527.43 1527.455 1527.511 1527.528 1527.775 1527.784 1527.68 1527.709 1527.717 1527.855 1527.903 1527.893 1527.931 1527.825 1527.687 1527.502 1527.313 1527.188 1527.113 1526.986 1526.963
-9999 -9999 -9999 -9999 -9999 -9999 -9999 -9999 -9999 -9999 -9999 -9999 -9999 -9999 -9999 -9999 -9999 -9999 -9999 -9999 -9999 -9999 -9999 -9999 1534.646 1534.671 1534.638 1534.549 1534.529 1534.544 1534.469 1534.477 1534.448 1534.335 1533.578 1531.245 1529.477 1528.532 1527.97 1527.759 1527.586 1527.497 1527.441 1527.444 1527.43 1527.441 1527.452 1527.464 1527.456 1527.478 1527.693 1527.682 1527.516 1527.539 1527.708 1527.905 1527.871 1527.847 1527.855 1527.716 1527.641 1527.536 1527.356 1527.267 1527.172 1527.102 1527.007
-9999 -9999 -9999 -9999 -9999 -9999 -9999 -9999 -9999 -9999 -9999 -9999 -9999 -9999 -9999 -9999 -9999 -9999 -9999 -9999 -9999 -9999 -9999 -9999 1534.646 1534.653 1534.625 1534.582 1534.544 1534.521 1534.523 1534.458 1534.06 1534.199 1534.012 1532.247 1530.275 1528.837 1528.183 1527.863 1527.72 1527.63 1527.526 1527.458 1527.456 1527.457 1527.435 1527.462 1527.465 1527.449 1527.524 1527.645 1527.496 1527.589 1527.72 1527.962 1527.933 1527.894 1527.611 1527.559 1527.444 1527.369 1527.298 1527.27 1527.291 1527.227 1527.192
-9999 -9999 -9999 -9999 -9999 -9999 -9999 -9999 -9999 -9999 -9999 -9999 -9999 -9999 -9999 -9999 -9999 -9999 -9999 -9999 -9999 -9999 -9999 -9999 1534.63 1534.627 1534.62 1534.582 1534.544 1534.529 1534.521 1534.489 1534.257 1534.415 1534.353 1533.173 1531.281 1529.576 1528.553 1528.074 1527.855 1527.723 1527.579 1527.515 1527.51 1527.471 1527.603 1527.488 1527.488 1527.475 1527.472 1527.47 1527.522 1527.692 1527.677 1527.974 1528.012 1527.795 1527.504 1527.419 1527.478 1527.512 1527.516 1527.505 1527.536 1527.576 1527.411
-9999 -9999 -9999 -9999 -9999 -9999 -9999 -9999 -9999 -9999 -9999 -9999 -9999 -9999 -9999 -9999 -9999 -9999 -9999 -9999 -9999 -9999 -9999 -9999 -9999 1534.618 1534.597 1534.584 1534.576 1534.555 1534.531 1534.491 1534.466 1534.444 1534.374 1534.099 1532.243 1530.568 1529.167 1528.447 1528.007 1527.837 1527.71 1527.644 1527.595 1527.548 1527.528 1527.495 1527.476 1527.476 1527.513 1527.518 1527.583 1527.59 1527.61 1527.754 1527.877 1527.772 1527.643 1527.554 1527.512 1527.504 1527.495 1527.551 1527.652 1527.672 1527.658
-9999 -9999 -9999 -9999 -9999 -9999 -9999 -9999 -9999 -9999 -9999 -9999 -9999 -9999 -9999 -9999 -9999 -9999 -9999 -9999 -9999 -9999 -9999 -9999 -9999 1534.595 1534.591 1534.573 1534.575 1534.565 1534.547 1534.539 1534.497 1534.454 1534.351 1534.295 1533.473 1531.631 1530.037 1528.905 1528.402 1528.058 1527.854 1527.73 1527.724 1527.662 1527.573 1527.545 1527.517 1527.484 1527.49 1527.481 1527.483 1527.523 1527.438 1527.507 1527.668 1527.646 1527.563 1527.545 1527.65 1527.635 1527.753 1527.883 1527.928 1527.916 1527.871
-9999 -9999 -9999 -9999 -9999 -9999 -9999 -9999 -9999 -9999 -9999 -9999 -9999 -9999 -9999 -9999 -9999 -9999 -9999 -9999 -9999 -9999 -9999 -9999 -9999 -9999 1534.562 1534.56 1534.564 1534.55 1534.546 1534.533 1534.514 1534.477 1534.423 1534.274 1533.921 1533.128 1531.467 1530.057 1528.889 1528.496 1528.141 1527.961 1527.941 1527.805 1527.656 1527.576 1527.552 1527.515 1527.495 1527.475 1527.476 1527.475 1527.492 1527.542 1527.61 1527.604 1527.621 1527.69 1527.821 1527.851 1527.908 1527.997 1528.071 1528.179 1528.196
-9999 -9999 -9999 -9999 -9999 -9999 -9999 -9999 -9999 -9999 -9999 -9999 -9999 -9999 -9999 -9999 -9999 -9999 -9999 -9999 -9999 -9999 -9999 -9999 -9999 -9999 1534.561 1534.536 1534.548 1534.531 1534.533 1534.52 1534.517 1534.487 1534.512 1534.369 1534.324 1533.971 1533.512 1531.949 1530.377 1529.296 1528.761 1528.325 1528.086 1527.933 1527.774 1527.655 1527.619 1527.583 1527.588 1527.62 1527.644 1527.609 1527.603 1527.703 1527.767 1527.738 1527.823 1527.939 1528.018 1528.083 1528.13 1528.173 1528.221 1528.427 1528.579
-9999 -9999 -9999 -9999 -9999 -9999 -9999 -9999 -9999 -9999 -9999 -9999 -9999 -9999 -9999 -9999 -9999 -9999 -9999 -9999 -9999 -9999 -9999 -9999 -9999 -9999 -9999 1534.525 1534.514 1534.512 1534.53 1534.502 1534.485 1534.478 1534.475 1534.419 1534.392 1534.027 1534.277 1533.988 1532.415 1531.104 1530.12 1529.12 1528.464 1528.143 1527.954 1527.852 1527.772 1527.766 1527.826 1527.838 1527.808 1527.792 1527.852 1527.935 1527.95 1527.938 1528.028 1528.166 1528.249 1528.299 1528.397 1528.5 1528.594 1528.793 1529.002
-9999 -9999 -9999 -9999 -9999 -9999 -9999 -9999 -9999 -9999 -9999 -9999 -9999 -9999 -9999 -9999 -9999 -9999 -9999 -9999 -9999 -9999 -9999 -9999 -9999 -9999 -9999 1534.505 1534.507 1534.483 1534.478 1534.474 1534.467 1534.467 1534.434 1534.419 1534.402 1534.388 1534.342 1534.231 1533.995 1532.667 1531.428 1530.373 1529.454 1528.574 1528.299 1528.12 1528.062 1528.083 1528.103 1528.099 1528.094 1528.067 1528.072 1528.156 1528.257 1528.211 1528.272 1528.43 1528.567 1528.653 1528.84 1528.994 1529.275 1529.754 1530.05
-9999 -9999 -9999 -9999 -9999 -9999 -9999 -9999 -9999 -9999 -9999 -9999 -9999 -9999 -9999 -9999 -9999 -9999 -9999 -9999 -9999 -9999 -9999 -9999 -9999 -9999 -9999 -9999 1534.485 1534.478 1534.464 1534.459 1534.455 1534.447 1534.436 1534.427 1534.415 1534.389 1534.318 1533.912 1533.958 1533.815 1532.62 1532.12 1530.959 1530.069 1529.386 1529.141 1528.958 1528.726 1528.621 1528.625 1528.767 1528.775 1528.801 1528.736 1528.707 1528.823 1528.775 1528.87 1529.03 1529.203 1529.503 1530.029 1531.227 1532.67 1532.766
-9999 -9999 -9999 -9999 -9999 -9999 -9999 -9999 -9999 -9999 -9999 -9999 -9999 -9999 -9999 -9999 -9999 -9999 -9999 -9999 -9999 -9999 -9999 -9999 -9999 -9999 -9999 -9999 1534.475 1534.47 1534.46 1534.456 1534.465 1534.443 1534.427 1534.427 1534.407 1534.401 1534.372 1534.276 1533.819 1533.908 1533.774 1534.226 1533.451 1532.677 1532.044 1531.618 1531.108 1530.441 1529.907 1529.691 1529.606 1529.572 1529.557 1529.416 1529.564 1529.69 1529.967 1530.152 1530.444 1530.979 1531.761 1532.234 1533.213 1534.172 1534.013
-9999 -9999 -9999 -9999 -9999 -9999 -9999 -9999 -9999 -9999 -9999 -9999 -9999 -9999 -9999 -9999 -9999 -9999 -9999 -9999 -9999 -9999 -9999 -9999 -9999 -9999 -9999 -9999 -9999 1534.477 1534.448 1534.459 1534.454 1534.466 1534.448 1534.432 1534.403 1534.386 1534.374 1534.326 1534.031 1534.282 1534.23 1534.315 1534.318 1534.119 1533.683 1534.063 1533.195 1532.448 1532.005 1531.523 1531.351 1531.496 1531.709 1531.765 1531.749 1531.756 1532.115 1532.503 1532.931 1533.649 1533.741 1533.53 1533.938 1534.234 1533.919
-9999 -9999 -9999 -9999 -9999 -9999 -9999 -9999 -9999 -9999 -9999 -9999 -9999 -9999 -9999 -9999 -9999 -9999 -9999 -9999 -9999 -9999 -9999 -9999 -9999 -9999 -9999 -9999 -9999 1534.468 1534.45 1534.45 1534.457 1534.474 1534.473 1534.44 1534.417 1534.391 1534.373 1534.345 1534.301 1534.327 1534.331 1534.329 1534.329 1534.316 1534.287 1534.296 1534.218 1534.319 1534.182 1533.802 1533.569 1534.01 1534.265 1534.055 1533.68 1533.775 1534.253 1534.099 1533.553 1534.197 1534.262 1534.192 1534.211 1534.282 1534.282
-9999 -9999 -9999 -9999 -9999 -9999 -9999 -9999 -9999 -9999 -9999 -9999 -9999 -9999 -9999 -9999 -9999 -9999 -9999 -9999 -9999 -9999 -9999 -9999 -9999 -9999 -9999 -9999 -9999 -9999 1534.448 1534.443 1534.462 1534.48 1534.468 1534.458 1534.427 1534.41 1534.376 1534.361 1534.35 1534.341 1534.328 1534.334 1534.335 1534.319 1534.313 1534.303 1534.271 1534.299 1534.302 1534.095 1534.271 1534.302 1534.329 1534.341 1534.086 1534.2 1534.317 1534.32 1534.145 1534.197 1534.283 1534.285 1534.287 1534.293 1534.288
-9999 -9999 -9999 -9999 -9999 -9999 -9999 -9999 -9999 -9999 -9999 -9999 -9999 -9999 -9999 -9999 -9999 -9999 -9999 -9999 -9999 -9999 -9999 -9999 -9999 -9999 -9999 -9999 -9999 -9999 1534.437 1534.443 1534.458 1534.468 1534.458 1534.452 1534.429 1534.41 1534.369 1534.358 1534.348 1534.345 1534.342 1534.332 1534.327 1534.33 1534.316 1534.303 1534.296 1534.303 1534.305 1534.305 1534.308 1534.318 1534.317 1534.327 1534.323 1534.313 1534.316 1534.315 1534.303 1534.279 1534.294 1534.297 1534.282 1534.286 1534.287
-9999 -9999 -9999 -9999 -9999 -9999 -9999 -9999 -9999 -9999 -9999 -9999 -9999 -9999 -9999 -9999 -9999 -9999 -9999 -9999 -9999 -9999 -9999 -9999 -9999 -9999 -9999 -9999 -9999 -9999 -9999 1534.431 1534.45 1534.455 1534.463 1534.451 1534.441 1534.406 1534.378 1534.35 1534.347 1534.345 1534.341 1534.337 1534.343 1534.314 1534.31 1534.32 1534.309 1534.308 1534.323 1534.3 1534.304 1534.317 1534.309 1534.313 1534.32 1534.328 1534.317 1534.314 1534.302 1534.299 1534.301 1534.306 1534.283 1534.276 1534.274
-9999 -9999 -9999 -9999 -9999 -9999 -9999 -9999 -9999 -9999 -9999 -9999 -9999 -9999 -9999 -9999 -9999 -9999 -9999 -9999 -9999 -9999 -9999 -9999 -9999 -9999 -9999 -9999 -9999 -9999 -9999 1534.449 1534.445 1534.453 1534.462 1534.461 1534.44 1534.388 1534.367 1534.351 1534.345 1534.351 1534.333 1534.336 1534.327 1534.306 1534.299 1534.3 1534.298 1534.306 1534.316 1534.315 1534.311 1534.296 1534.303 1534.306 1534.311 1534.307 1534.311 1534.311 1534.304 1534.295 1534.293 1534.296 1534.278 1534.281 1534.263
-9999 -9999 -9999 -9999 -9999 -9999 -9999 -9999 -9999 -9999 -9999 -9999 -9999 -9999 -9999 -9999 -9999 -9999 -9999 -9999 -9999 -9999 -9999 -9999 -9999 -9999 -9999 -9999 -9999 -9999 -9999 -9999 1534.442 1534.463 1534.472 1534.459 1534.433 1534.388 1534.36 1534.352 1534.346 1534.344 1534.338 1534.335 1534.33 1534.323 1534.306 1534.305 1534.322 1534.304 1534.293 1534.303 1534.291 1534.288 1534.299 1534.305 1534.307 1534.296 1534.301 1534.298 1534.292 1534.293 1534.289 1534.284 1534.271 1534.261 1534.25
-9999 -9999 -9999 -9999 -9999 -9999 -9999 -9999 -9999 -9999 -9999 -9999 -9999 -9999 -9999 -9999 -9999 -9999 -9999 -9999 -9999 -9999 -9999 -9999 -9999 -9999 -9999 -9999 -9999 -9999 -9999 -9999 -9999 1534.47 1534.467 1534.447 1534.401 1534.374 1534.359 1534.351 1534.352 1534.333 1534.348 1534.334 1534.328 1534.316 1534.314 1534.302 1534.307 1534.291 1534.29 1534.287 1534.279 1534.288 1534.279 1534.29 1534.279 1534.281 1534.276 1534.269 1534.273 1534.267 1534.263 1534.247 1534.24 1534.219 1534.212
-9999 -9999 -9999 -9999 -9999 -9999 -9999 -9999 -9999 -9999 -9999 -9999 -9999 -9999 -9999 -9999 -9999 -9999 -9999 -9999 -9999 -9999 -9999 -9999 -9999 -9999 -9999 -9999 -9999 -9999 -9999 -9999 -9999 1534.469 1534.469 1534.435 1534.415 1534.37 1534.363 1534.339 1534.335 1534.332 1534.328 1534.33 1534.322 1534.322 1534.318 1534.322 1534.306 1534.283 1534.273 1534.279 1534.283 1534.278 1534.279 1534.277 1534.263 1534.264 1534.268 1534.256 1534.258 1534.262 1534.25 1534.224 1534.212 1534.214 1534.211
-9999 -9999 -9999 -9999 -9999 -9999 -9999 -9999 -9999 -9999 -9999 -9999 -9999 -9999 -9999 -9999 -9999 -9999 -9999 -9999 -9999 -9999 -9999 -9999 -9999 -9999 -9999 -9999 -9999 -9999 -9999 -9999 -9999 -9999 1534.447 1534.423 1534.37 1534.363 1534.333 1534.327 1534.315 1534.326 1534.328 1534.326 1534.325 1534.313 1534.312 1534.306 1534.293 1534.287 1534.276 1534.271 1534.281 1534.258 1534.254 1534.269 1534.262 1534.254 1534.246 1534.245 1534.236 1534.233 1534.217 1534.221 1534.186 1534.194 1534.165
-9999 -9999 -9999 -9999 -9999 -9999 -9999 -9999 -9999 -9999 -9999 -9999 -9999 -9999 -9999 -9999 -9999 -9999 -9999 -9999 -9999 -9999 -9999 -9999 -9999 -9999 -9999 -9999 -9999 -9999 -9999 -9999 -9999 -9999 1534.417 1534.4 1534.365 1534.33 1534.323 1534.315 1534.312 1534.315 1534.318 1534.324 1534.326 1534.324 1534.318 1534.305 1534.304 1534.282 1534.273 1534.263 1534.267 1534.254 1534.252 1534.267 1534.245 1534.234 1534.236 1534.232 1534.224 1534.199 1534.234 1534.181 1534.164 1534.147 1534.145
