examples/topo.asc
ncols         282
nrows         286
xllcorner     318017.9701
yllcorner     3849563.6891
cellsize      4
NODATA_value  -9999
[rows 120 to 149 of 286, columns 134 to 200 of 282]
1526.138 1526.081 1526.205 1526.55 1526.723 1526.695 1526.63 1526.573 1526.687 1527.475 1528.784 1533.264 1532.63 1532.402 1533.904 1533.83 1534.149 1534.23 1534.217 1534.239 1534.287 1534.152 1534.099 1534.101 1534.13 1534.142 1534.15 1534.111 1534.068 1534.043 1534.024 1534.026 1534.129 1534.1 1533.982 1533.971 1533.983 1534.019 1534.018 1534.004 1533.986 1533.972 1533.981 1533.943 1533.949 1533.916 1533.899 1533.895 1533.887 1533.888 1533.863 1533.857 1533.853 1533.85 1533.79 1533.752 1533.7 1533.655 1533.425 1533.418 -9999 -9999 -9999 -9999 -9999 -9999 -9999
1526.219 1526.196 1526.09 1526.178 1526.231 1526.244 1526.338 1526.388 1526.411 1526.655 1527.543 1529.001 1530.526 1530.925 1532.843 1533.823 1534.138 1534.173 1534.159 1534.149 1534.124 1534.062 1534.044 1534.058 1534.107 1534.132 1534.13 1534.108 1534.044 1533.985 1533.943 1533.961 1533.979 1533.973 1533.98 1533.958 1533.943 1533.98 1533.993 1533.979 1533.969 1533.961 1533.933 1533.916 1533.908 1533.911 1533.895 1533.887 1533.875 1533.89 1533.856 1533.862 1533.852 1533.846 1533.8 1533.739 1533.699 1533.548 1533.255 1533.19 1532.865 -9999 -9999 -9999 -9999 -9999 -9999
1526.043 1526.035 1526.033 1526.04 1526.095 1526.12 1526.219 1526.268 1526.231 1526.287 1526.766 1527.834 1529.128 1530.174 1531.084 1533.276 1534.028 1534.107 1534.099 1534.086 1534.103 1534.063 1533.39 1533.932 1534.087 1534.113 1534.108 1534.107 1534.045 1533.915 1532.584 1533.046 1533.919 1533.964 1533.924 1533.941 1533.942 1533.943 1533.956 1533.964 1533.957 1533.945 1533.916 1533.902 1533.909 1533.896 1533.892 1533.873 1533.871 1533.869 1533.865 1533.851 1533.845 1533.828 1533.769 1533.713 1533.687 1533.46 1533.45 1533.138 1533.043 1532.891 -9999 -9999 -9999 -9999 -9999
1526.001 1525.989 1525.973 1525.971 1525.98 1526.003 1526.041 1526.11 1526.086 1526.192 1526.318 1526.979 1528.527 1529.378 1530.044 1532.982 1533.623 1533.011 1534.045 1534.05 1533.974 1533.021 1532.638 1533.313 1534.024 1534.064 1534.085 1534.101 1534.083 1533.934 1533.475 1531.822 1532.549 1533.678 1533.825 1533.868 1533.895 1533.919 1533.931 1533.915 1533.916 1533.876 1533.882 1533.872 1533.899 1533.895 1533.886 1533.876 1533.879 1533.863 1533.862 1533.853 1533.833 1533.803 1533.735 1533.717 1533.326 1532.694 1532.942 1532.857 1532.373 1530.702 1528.836 -9999 -9999 -9999 -9999
1526.17 1526.232 1526.171 1526.174 1526.146 1526.107 1526.031 1526.017 1526.011 1526.069 1526.079 1526.232 1526.707 1527.453 1529.11 1531.894 1532.649 1533.702 1533.965 1534.029 1533.889 1530.776 1531.026 1531.92 1533.827 1534.016 1534.035 1534.029 1534.047 1534.001 1533.852 1532.147 1531.65 1533.705 1533.799 1533.802 1533.846 1533.844 1533.859 1533.866 1533.859 1533.839 1533.827 1533.832 1533.844 1533.874 1533.901 1533.882 1533.89 1533.871 1533.85 1533.835 1533.815 1533.76 1533.721 1533.712 1533.686 1533.626 1533.551 1533.28 1533.105 1530.683 1528.45 1528.155 -9999 -9999 -9999
1526.282 1526.235 1526.178 1526.13 1526.156 1526.188 1526.309 1526.122 1526.015 1525.954 1525.977 1526.148 1526.318 1526.804 1527.626 1529.331 1532.434 1533.171 1533.934 1534.038 1533.676 1529.738 1529.892 1530.658 1531.355 1533.194 1533.967 1533.951 1533.981 1533.987 1533.884 1533.77 1531.386 1532.547 1533.77 1533.646 1533.729 1533.805 1533.804 1533.799 1533.812 1533.801 1533.786 1533.796 1533.809 1533.822 1533.836 1533.836 1533.848 1533.852 1533.866 1533.841 1533.796 1533.732 1533.714 1533.713 1533.668 1533.656 1533.302 1533.12 1532.735 1530.304 1528.27 1527.981 1527.798 -9999 -9999
1526.13 1526.187 1526.289 1526.283 1526.134 1526.229 1526.244 1526.218 1526.206 1526.074 1526.007 1525.947 1526.079 1526.27 1527.304 1528.211 1530.91 1532.235 1533.681 1533.779 1533.664 1529.686 1528.234 1528.754 1528.813 1529.711 1533.152 1533.733 1532.296 1533.774 1533.828 1533.716 1530.597 1531.85 1533.506 1533.041 1533.678 1533.747 1533.751 1533.76 1533.784 1533.809 1533.792 1533.796 1533.783 1533.791 1533.791 1533.809 1533.817 1533.831 1533.859 1533.834 1533.757 1533.725 1533.713 1533.724 1533.051 1533.061 1533.268 1533.248 1532.066 1530.284 1528.547 1527.894 1527.74 1527.738 -9999
1526.086 1526.216 1526.453 1526.306 1526.278 1526.116 1526.14 1526.157 1526.16 1526.139 1526.091 1525.989 1525.937 1526.055 1526.183 1527.255 1529.624 1531.207 1532.932 1532.279 1533.432 1531.748 1527.554 1527.586 1527.237 1527.459 1529.98 1531.215 1530.443 1531.06 1531.54 1529.137 1528.792 1531.183 1532.401 1532.228 1532.854 1533.72 1533.743 1533.747 1533.748 1533.761 1533.783 1533.782 1533.761 1533.776 1533.788 1533.779 1533.78 1533.78 1533.78 1533.792 1533.742 1533.718 1533.703 1533.691 1533.265 1533.36 1532.78 1533.515 1533.442 1532.944 1529.949 1527.915 1527.699 1527.69 1527.876
1526.163 1526.223 1526.396 1526.295 1526.238 1526.22 1526.156 1526.177 1526.164 1526.134 1526.127 1526.115 1525.968 1525.964 1525.99 1526.211 1526.717 1527.758 1527.663 1527.769 1528.104 1528.063 1526.945 1526.72 1526.335 1526.147 1526.663 1527.405 1528.081 1527.814 1527.916 1527.218 1529.75 1531.081 1532.235 1532.47 1533.518 1533.734 1533.736 1533.739 1533.745 1533.749 1533.775 1533.749 1533.752 1533.765 1533.774 1533.777 1533.766 1533.76 1533.767 1533.796 1533.754 1533.722 1533.702 1533.698 1533.682 1533.638 1532.872 1533.605 1533.586 1533.213 1530.889 1528.105 1527.616 1527.568 1528.654
1526.333 1526.362 1526.436 1526.245 1526.179 1526.267 1526.143 1526.229 1526.227 1526.172 1526.131 1526.124 1526.058 1525.954 1525.911 1525.876 1526.003 1526.041 1526.051 1526.197 1526.364 1526.33 1526.353 1526.311 1526.207 1526.044 1525.899 1526.049 1526.235 1526.364 1526.626 1528.823 1533.599 1533.693 1533.659 1533.694 1533.73 1533.733 1533.735 1533.75 1533.75 1533.734 1533.73 1533.733 1533.738 1533.736 1533.768 1533.778 1533.772 1533.75 1533.741 1533.733 1533.732 1533.733 1533.714 1533.694 1533.678 1533.656 1533.639 1533.63 1533.612 1533.238 1531.839 1528.594 1527.564 1527.388 1529.268
1526.259 1526.276 1526.289 1526.233 1526.12 1526.094 1526.144 1526.135 1526.17 1526.167 1526.145 1526.158 1526.142 1526.04 1525.968 1525.93 1525.926 1525.963 1525.887 1525.858 1525.909 1525.999 1526.004 1526.089 1526.065 1525.944 1525.882 1526.001 1526.119 1526.266 1527.424 1532.768 1533.65 1533.635 1533.651 1533.709 1533.732 1533.728 1533.676 1533.746 1533.75 1533.731 1533.73 1533.728 1533.726 1533.727 1533.724 1533.737 1533.751 1533.751 1533.728 1533.708 1533.702 1533.734 1533.704 1533.701 1533.683 1533.655 1533.643 1533.653 1533.632 1533.485 1532.236 1529.131 1527.495 1527.3 1527.5
1526.017 1526.177 1526.111 1526.157 1526.215 1526.187 1526.109 1526.118 1526.131 1526.083 1526.119 1526.277 1526.233 1526.201 1526.114 1526.115 1526.135 1525.867 1525.819 1525.975 1526.025 1526.04 1525.916 1525.879 1525.909 1525.878 1525.836 1525.952 1526.059 1526.104 1526.19 1530.3 1533.474 1532.646 1533.603 1533.468 1533.635 1533.666 1532.436 1533.689 1533.744 1533.739 1533.726 1533.725 1533.724 1533.716 1533.718 1533.712 1533.706 1533.743 1533.702 1533.672 1533.661 1533.667 1533.671 1533.662 1533.622 1533.615 1533.632 1533.629 1533.606 1533.459 1533.193 1530.028 1527.728 1527.443 1527.32
1525.947 1526.199 1526.194 1526.098 1526.207 1526.243 1526.061 1526.089 1526.239 1526.088 1526.088 1526.189 1526.204 1526.153 1526.075 1526.052 1526.094 1525.91 1525.956 1525.779 1526.009 1526.066 1525.976 1525.968 1525.954 1525.952 1525.94 1525.942 1526.003 1525.996 1525.994 1526.982 1531.786 1530.507 1531.507 1531.841 1533.383 1533.291 1532.558 1533.684 1533.711 1532.746 1533.717 1533.732 1533.732 1533.714 1533.707 1533.692 1533.668 1533.651 1533.629 1533.617 1533.62 1533.629 1533.628 1533.622 1533.612 1533.594 1533.555 1533.548 1533.543 1533.485 1533.052 1531.627 1528.62 1527.462 1527.357
1525.911 1526.178 1526.205 1526.096 1526.081 1526.108 1526.103 1526.058 1526.085 1526.16 1526.09 1526.095 1526.119 1526.096 1526.063 1526.081 1525.991 1525.896 1525.945 1525.969 1525.776 1526 1526.028 1525.904 1525.935 1525.957 1525.928 1525.879 1525.924 1525.937 1525.906 1525.844 1526.466 1527.118 1528.541 1531.126 1533.059 1531.825 1533.509 1533.576 1532.534 1533.319 1533.665 1533.711 1533.709 1533.712 1533.709 1533.688 1533.681 1533.635 1533.612 1533.599 1533.607 1533.589 1533.591 1533.591 1533.609 1533.601 1533.522 1533.482 1533.478 1533.484 1533.362 1532.441 1529.675 1527.508 1527.345
1526.116 1525.873 1526 1526.09 1526.064 1526.052 1526.172 1526.103 1525.981 1526.016 1526.031 1526.072 1526.083 1526.111 1526.089 1526.073 1526.097 1525.925 1525.948 1525.994 1526.017 1525.708 1525.914 1525.908 1525.867 1525.821 1525.854 1525.8 1525.839 1525.879 1525.853 1525.849 1525.803 1526.132 1527.274 1528.568 1528.243 1530.147 1532.962 1531.844 1531.417 1532.973 1532.797 1533.689 1533.707 1533.707 1533.699 1533.693 1533.667 1533.637 1533.611 1533.585 1533.596 1533.581 1533.567 1533.571 1533.574 1533.58 1533.52 1533.467 1533.072 1533.423 1533.261 1532.608 1529.86 1527.674 1527.287
1526.072 1526.036 1525.885 1525.937 1526.1 1526.058 1526.119 1526.094 1526.112 1525.986 1525.964 1526.002 1526.121 1526.1 1526.056 1526.028 1526.054 1526.075 1525.867 1525.942 1525.928 1525.85 1525.724 1525.937 1525.871 1525.827 1525.873 1525.829 1525.769 1525.753 1525.798 1525.835 1525.774 1525.785 1525.932 1526.2 1526.394 1527.397 1528.13 1528.924 1529.595 1531.688 1533.529 1533.67 1533.686 1533.691 1533.693 1533.684 1533.66 1533.605 1533.569 1533.578 1533.575 1533.573 1533.578 1533.573 1533.559 1533.529 1533.332 1533.143 1533.116 1532.596 1533.227 1532.593 1530.046 1528.536 1527.303
1526.037 1526.08 1526.003 1525.836 1525.877 1526.08 1526.041 1526.041 1526.029 1526.069 1526.076 1526.072 1525.976 1526.085 1526.011 1525.971 1526.064 1526.057 1525.986 1525.897 1525.857 1525.767 1525.692 1525.768 1525.844 1525.791 1525.766 1525.781 1525.794 1525.706 1525.738 1525.733 1525.777 1525.577 1525.81 1525.965 1526.082 1526.128 1526.487 1527.884 1528.799 1532.304 1533.412 1533.59 1533.661 1533.648 1533.647 1533.63 1533.597 1533.563 1533.496 1533.569 1533.565 1533.583 1533.6 1533.588 1533.59 1533.571 1533.568 1533.499 1533.327 1532.644 1532.48 1531.271 1531.075 1530.453 1527.955
1525.92 1525.997 1526.039 1526.031 1525.901 1525.856 1525.922 1526.043 1526.011 1526.052 1526.042 1526.105 1526.027 1525.973 1526.047 1525.95 1525.975 1525.988 1525.938 1525.96 1525.959 1525.956 1525.801 1525.642 1525.93 1525.889 1525.828 1525.727 1525.726 1525.704 1525.645 1525.71 1525.612 1525.481 1525.596 1525.807 1525.937 1525.932 1525.986 1526.181 1527.284 1530.23 1533.294 1532.902 1533.55 1533.518 1533.479 1533.014 1532.829 1532.865 1533.186 1533.551 1533.595 1533.613 1533.611 1533.594 1533.587 1533.566 1533.583 1533.566 1533.525 1533.424 1533.173 1532.598 1532.738 1531.835 1529.054
1526.032 1525.873 1526.085 1525.957 1525.941 1525.931 1525.839 1525.85 1526.027 1526.016 1525.994 1526.025 1526.082 1525.957 1525.938 1525.949 1525.905 1525.919 1525.952 1525.975 1525.869 1525.954 1525.922 1525.785 1525.696 1525.882 1525.862 1525.768 1525.692 1525.668 1525.658 1525.628 1525.564 1525.542 1525.542 1525.765 1525.769 1525.788 1525.839 1525.773 1525.889 1527.03 1531.799 1532.499 1533.395 1532.635 1529.3 1529.934 1531.985 1533.18 1533.51 1533.543 1533.607 1533.618 1533.605 1533.58 1533.577 1533.563 1533.565 1533.557 1533.527 1533.498 1533.465 1533.087 1533.105 1532.219 1531.514
1526.166 1525.8 1526.044 1526.044 1525.871 1525.984 1525.96 1525.88 1525.809 1526.001 1525.987 1525.949 1526.008 1526.063 1525.94 1525.901 1525.856 1525.83 1525.919 1525.946 1525.947 1525.9 1525.915 1525.854 1525.692 1525.593 1525.821 1525.827 1525.798 1525.706 1525.684 1525.636 1525.51 1525.531 1525.585 1525.602 1525.688 1525.674 1525.705 1525.657 1525.648 1525.746 1526.864 1529.222 1530.302 1528.379 1530.326 1533.425 1533.509 1533.531 1533.536 1533.54 1533.565 1533.587 1533.583 1533.58 1533.566 1533.568 1533.547 1533.56 1533.524 1533.502 1533.48 1533.425 1533.245 1532.776 1532.916
1526.034 1526.063 1525.916 1526.13 1525.904 1525.949 1526.012 1525.965 1525.916 1525.796 1525.944 1525.893 1525.911 1525.99 1525.965 1526.02 1525.981 1525.941 1525.786 1525.867 1525.912 1525.848 1525.883 1525.771 1525.878 1525.565 1525.83 1525.815 1525.831 1525.808 1525.699 1525.653 1525.508 1525.592 1525.59 1525.583 1525.641 1525.613 1525.703 1525.641 1525.61 1525.619 1526.329 1526.711 1526.672 1529.9 1533.238 1533.519 1533.535 1533.554 1533.542 1533.542 1533.564 1533.577 1533.577 1533.573 1533.564 1533.567 1533.55 1533.546 1533.532 1533.505 1533.484 1533.472 1533.129 1532.912 1533.158
1525.936 1525.975 1525.784 1525.881 1525.936 1525.855 1525.996 1526.029 1525.956 1525.787 1526.01 1525.862 1525.834 1525.833 1525.925 1525.981 1526.013 1526.008 1525.857 1525.831 1525.776 1525.742 1525.76 1525.708 1525.872 1525.58 1525.757 1525.821 1525.826 1525.797 1525.716 1525.641 1525.614 1525.415 1525.5 1525.582 1525.584 1525.53 1525.606 1525.552 1525.601 1525.673 1526.058 1526.161 1527.06 1529.493 1530.898 1533.365 1533.508 1533.557 1533.553 1533.547 1533.557 1533.571 1533.568 1533.566 1533.568 1533.612 1533.572 1533.538 1533.542 1533.534 1533.511 1533.485 1533.348 1532.903 1532.972
1525.94 1525.942 1525.853 1525.778 1525.858 1525.844 1525.863 1525.894 1525.919 1525.791 1525.921 1525.955 1525.874 1525.82 1525.839 1526.119 1525.991 1525.962 1525.87 1525.852 1525.886 1525.885 1525.724 1525.669 1525.748 1525.547 1525.54 1525.819 1525.785 1525.742 1525.664 1525.616 1525.646 1525.411 1525.47 1525.517 1525.585 1525.516 1525.52 1525.458 1525.559 1525.702 1525.864 1525.987 1527.276 1529.538 1532.42 1533.262 1533.458 1533.553 1533.556 1533.552 1533.556 1533.563 1533.57 1533.57 1533.577 1533.634 1533.584 1533.55 1533.56 1533.571 1533.538 1533.531 1533.453 1533.052 1532.863
1526.034 1525.964 1525.913 1525.819 1525.764 1525.788 1525.787 1525.84 1525.927 1525.789 1525.798 1525.964 1525.962 1525.931 1525.929 1525.879 1526.008 1526.002 1525.881 1525.943 1525.85 1525.883 1525.861 1525.658 1525.607 1525.653 1525.503 1525.594 1525.691 1525.703 1525.627 1525.549 1525.618 1525.489 1525.434 1525.424 1525.554 1525.553 1525.479 1525.461 1525.545 1525.645 1525.748 1525.782 1526.37 1528.554 1531.751 1533.437 1533.518 1533.539 1533.565 1533.549 1533.536 1533.552 1533.55 1533.568 1533.593 1533.616 1533.578 1533.564 1533.547 1533.55 1533.552 1533.545 1533.514 1533.416 1533.237
1526.1 1525.942 1526.054 1526.027 1525.804 1525.789 1525.702 1525.739 1525.81 1525.753 1525.775 1525.833 1525.93 1525.96 1525.932 1525.833 1525.786 1526 1525.867 1525.913 1525.854 1525.814 1525.83 1525.782 1525.596 1525.616 1525.53 1525.687 1525.668 1525.627 1525.618 1525.552 1525.565 1525.558 1525.416 1525.441 1525.441 1525.578 1525.451 1525.465 1525.456 1525.506 1525.612 1525.638 1525.769 1527.316 1532.886 1532.965 1532.977 1533.52 1533.561 1533.534 1533.534 1533.578 1533.566 1533.569 1533.608 1533.651 1533.596 1533.564 1533.55 1533.542 1533.555 1533.547 1533.529 1533.466 1533.209
1526.06 1525.978 1525.966 1526.039 1526.043 1525.866 1525.792 1525.691 1525.693 1525.758 1525.723 1525.791 1525.935 1525.921 1525.91 1525.9 1525.84 1525.921 1525.944 1525.862 1525.819 1525.782 1525.826 1525.766 1525.618 1525.588 1525.642 1525.438 1525.671 1525.644 1525.536 1525.557 1525.492 1525.435 1525.513 1525.405 1525.408 1525.523 1525.469 1525.424 1525.432 1525.423 1525.48 1525.581 1525.62 1526.9 1532.48 1532.285 1533.443 1533.506 1533.531 1533.54 1533.541 1533.556 1533.569 1533.571 1533.602 1533.639 1533.634 1533.582 1533.563 1533.551 1533.539 1533.537 1533.532 1533.16 1532.579
1525.892 1525.979 1525.913 1526.005 1526.038 1525.92 1525.825 1525.975 1525.786 1525.656 1525.686 1525.785 1525.809 1525.985 1526.064 1525.909 1525.897 1525.944 1525.982 1525.882 1525.775 1525.727 1525.71 1525.676 1525.585 1525.635 1525.543 1525.539 1525.485 1525.355 1525.537 1525.473 1525.557 1525.379 1525.42 1525.415 1525.51 1525.417 1525.453 1525.448 1525.453 1525.373 1525.445 1525.553 1525.657 1526.463 1529.143 1532.485 1533.485 1533.177 1533.522 1533.546 1533.539 1533.568 1533.584 1533.586 1533.605 1533.66 1533.641 1533.603 1533.582 1533.564 1533.541 1533.537 1533.517 1533.443 1532.737
1526.007 1525.858 1525.917 1525.976 1525.976 1526.04 1525.798 1525.914 1525.969 1525.794 1525.637 1525.727 1525.965 1525.843 1525.845 1525.885 1525.926 1525.884 1525.74 1525.857 1525.811 1525.782 1525.821 1525.776 1525.686 1525.537 1525.584 1525.522 1525.555 1525.421 1525.387 1525.433 1525.525 1525.482 1525.361 1525.391 1525.438 1525.453 1525.562 1525.519 1525.498 1525.452 1525.43 1525.52 1525.57 1526.251 1527.932 1532.688 1532.813 1533 1533.524 1533.534 1533.537 1533.569 1533.606 1533.588 1533.615 1533.642 1533.63 1533.606 1533.59 1533.574 1533.552 1533.537 1533.525 1533.478 1533.451
1526.08 1526.014 1525.869 1526.003 1525.841 1525.826 1525.825 1525.78 1525.898 1525.938 1525.657 1525.748 1525.827 1525.904 1525.77 1525.707 1525.758 1525.871 1525.783 1525.733 1525.847 1525.888 1525.845 1525.795 1525.737 1525.572 1525.554 1525.55 1525.512 1525.538 1525.519 1525.303 1525.471 1525.412 1525.316 1525.376 1525.387 1525.426 1525.474 1525.494 1525.44 1525.351 1525.362 1525.449 1525.579 1525.933 1527.115 1529.131 1531.861 1533.43 1533.366 1533.382 1533.525 1533.557 1533.601 1533.598 1533.601 1533.62 1533.611 1533.609 1533.584 1533.57 1533.564 1533.569 1533.544 1533.494 1533.471
1526.077 1526.023 1525.988 1525.88 1526.082 1525.94 1525.776 1525.883 1525.87 1525.895 1525.68 1525.681 1525.737 1526.011 1525.9 1525.777 1525.711 1525.706 1525.814 1525.674 1525.821 1525.918 1525.833 1525.815 1525.766 1525.692 1525.539 1525.631 1525.48 1525.501 1525.503 1525.508 1525.416 1525.25 1525.289 1525.443 1525.373 1525.45 1525.449 1525.431 1525.346 1525.37 1525.344 1525.418 1525.504 1526.615 1528.395 1530.06 1531.01 1531.426 1532.758 1533.43 1533.521 1533.537 1533.611 1533.611 1533.595 1533.605 1533.598 1533.594 1533.587 1533.562 1533.569 1533.561 1533.549 1533.516 1533.528
